8000	8000
8180	8180
8172	8172
8199	8199
8219	8219
8179	8179
8244	8244
8245	8245
8238	8238
8064	8064
8204	8204
8119	8119
8217	8217
8244	8244
8166	8166
8183	8183
8182	8182
8226	8226
8264	8264
8135	8135
8139	8139
8093	8093
7995	7995
8089	8089
8085	8085
8121	8121
8193	8193
8156	8156
8195	8195
8222	8222
8194	8194
8194	8194
8232	8232
8170	8170
8154	8154
8205	8205
8180	8180
8168	8168
8178	8178
8127	8127
8142	8142
8219	8219
8230	8230
8147	8147
8238	8238
8192	8192
8204	8204
8118	8118
8235	8235
8274	8274
8248	8248
8200	8200
8276	8276
8200	8200
8190	8190
8178	8178
8220	8220
8208	8208
8208	8208
8226	8226
8213	8213
8153	8153
8167	8167
8191	8191
8222	8222
8251	8251
8250	8250
8193	8193
8246	8246
8268	8268
8178	8178
8197	8197
8236	8236
8209	8209
8225	8225
8277	8277
8208	8208
8263	8263
8221	8221
8229	8229
8261	8261
8293	8293
8148	8148
8162	8162
8121	8121
8132	8132
8173	8173
8159	8159
8203	8203
8176	8176
8132	8132
8200	8200
8201	8201
8205	8205
8199	8199
8195	8195
8251	8251
8189	8189
8194	8194
8172	8172
8265	8265
8285	8285
8245	8245
8240	8240
8219	8219
8221	8221
8189	8189
8244	8244
8346	8346
8277	8277
8320	8320
8309	8309
4963	4963
4976	4976
4972	4972
4960	4960
4953	4953
4962	4962
4978	4978
4969	4969
4975	4975
4965	4965
4970	4970
4977	4977
4966	4966
4960	4960
4982	4982
4996	4996
4970	4970
4977	4977
4997	4997
4976	4976
4987	4987
4992	4992
5001	5001
4982	4982
5000	5000
4995	4995
4978	4978
4978	4978
4997	4997
4988	4988
4987	4987
5000	5000
4980	4980
4994	4994
4994	4994
4988	4988
4992	4992
4988	4988
4991	4991
4980	4980
4992	4992
4980	4980
4996	4996
5001	5001
4988	4988
4986	4986
5001	5001
5003	5003
4997	4997
5003	5003
4997	4997
4983	4983
4998	4998
4991	4991
4983	4983
4986	4986
4990	4990
4979	4979
4969	4969
4981	4981
4977	4977
4997	4997
4977	4977
4983	4983
4975	4975
4979	4979
5001	5001
4983	4983
4977	4977
4973	4973
4978	4978
4985	4985
4980	4980
4964	4964
4977	4977
4963	4963
4941	4941
4967	4967
4951	4951
4966	4966
4960	4960
4953	4953
4957	4957
4951	4951
4951	4951
4963	4963
4933	4933
4921	4921
4929	4929
4925	4925
4878	4878
4892	4892
4904	4904
4883	4883
4893	4893
4879	4879
4884	4884
4860	4860
4867	4867
4868	4868
4861	4861
4860	4860
4860	4860
4861	4861
4816	4816
4807	4807
4782	4782
4790	4790
4776	4776
4768	4768
4744	4744
4741	4741
4681	4681
4694	4694
4640	4640
4641	4641
4474	4474
4241	4241
4110	4110
3771	3771
3622	3622
3567	3567
3854	3854
4194	4194
4220	4220
4193	4193
4123	4123
4191	4191
4061	4061
4073	4073
3845	3845
4031	4031
3982	3982
3969	3969
4025	4025
3986	3986
4030	4030
3980	3980
3939	3939
3977	3977
3879	3879
3835	3835
3823	3823
3775	3775
3753	3753
3718	3718
3740	3740
3768	3768
3812	3812
3743	3743
3854	3854
3775	3775
3841	3841
3824	3824
3816	3816
3756	3756
3739	3739
3785	3785
3689	3689
3613	3613
3746	3746
3799	3799
3773	3773
3867	3867
3793	3793
3788	3788
3836	3836
3683	3683
3646	3646
3690	3690
3663	3663
3594	3594
3872	3872
3926	3926
4049	4049
3930	3930
3869	3869
3884	3884
4145	4145
4190	4190
4162	4162
4111	4111
4217	4217
4249	4249
4279	4279
4368	4368
4325	4325
4319	4319
4366	4366
4364	4364
4351	4351
4353	4353
4333	4333
4365	4365
4388	4388
4395	4395
4404	4404
4437	4437
4439	4439
4389	4389
4362	4362
4363	4363
4408	4408
4386	4386
4410	4410
4393	4393
4375	4375
4380	4380
4357	4357
4371	4371
4405	4405
4463	4463
4388	4388
4331	4331
4384	4384
4433	4433
4438	4438
4413	4413
4449	4449
4494	4494
4421	4421
4483	4483
4465	4465
4454	4454
4457	4457
4401	4401
4444	4444
4442	4442
4456	4456
4422	4422
4434	4434
4446	4446
4464	4464
4446	4446
4420	4420
4434	4434
4443	4443
4373	4373
4369	4369
4416	4416
4418	4418
4453	4453
4416	4416
4373	4373
4340	4340
4364	4364
4359	4359
4341	4341
4383	4383
4322	4322
4332	4332
4275	4275
4295	4295
4274	4274
4131	4131
4174	4174
4285	4285
4263	4263
4197	4197
4160	4160
4130	4130
4201	4201
4259	4259
4250	4250
4265	4265
4303	4303
4235	4235
4153	4153
4135	4135
4247	4247
4287	4287
4200	4200
4259	4259
4273	4273
4273	4273
4216	4216
4235	4235
4234	4234
4150	4150
4202	4202
4187	4187
4288	4288
4286	4286
4284	4284
4258	4258
4218	4218
4185	4185
4244	4244
4262	4262
4279	4279
4187	4187
4142	4142
4173	4173
4267	4267
4211	4211
4286	4286
4416	4416
4360	4360
4447	4447
4465	4465
4495	4495
4446	4446
4383	4383
4441	4441
4402	4402
4421	4421
4359	4359
4346	4346
4325	4325
4284	4284
4347	4347
4345	4345
4311	4311
4269	4269
4237	4237
4119	4119
4202	4202
4197	4197
4256	4256
4151	4151
4113	4113
3979	3979
3936	3936
3837	3837
3888	3888
3872	3872
3932	3932
4053	4053
4036	4036
3960	3960
3993	3993
4009	4009
3911	3911
4057	4057
4069	4069
3889	3889
3991	3991
3861	3861
3963	3963
4015	4015
4012	4012
4162	4162
4242	4242
4089	4089
4186	4186
4039	4039
4021	4021
4034	4034
3918	3918
4117	4117
4230	4230
4241	4241
4250	4250
4318	4318
4301	4301
4329	4329
4320	4320
4374	4374
4403	4403
4424	4424
4405	4405
4455	4455
4446	4446
4409	4409
4493	4493
4447	4447
4460	4460
4455	4455
4447	4447
4523	4523
4493	4493
4502	4502
4549	4549
4478	4478
4566	4566
4531	4531
4501	4501
4562	4562
4558	4558
4598	4598
4618	4618
4612	4612
4637	4637
4621	4621
4614	4614
4618	4618
4661	4661
4597	4597
4659	4659
4674	4674
4670	4670
4638	4638
4622	4622
4704	4704
4646	4646
4553	4553
4632	4632
4592	4592
4617	4617
4665	4665
4696	4696
4681	4681
4618	4618
4731	4731
4721	4721
4722	4722
4737	4737
4717	4717
4743	4743
4720	4720
4695	4695
4618	4618
4473	4473
4447	4447
4104	4104
4181	4181
4109	4109
4248	4248
4297	4297
4335	4335
4357	4357
4333	4333
4239	4239
4273	4273
4220	4220
4107	4107
4047	4047
4081	4081
4127	4127
4086	4086
4069	4069
4138	4138
4161	4161
4203	4203
4019	4019
4093	4093
4007	4007
3940	3940
4027	4027
3894	3894
4028	4028
4125	4125
4162	4162
4145	4145
3937	3937
4027	4027
3987	3987
4070	4070
4132	4132
4038	4038
4059	4059
4119	4119
4165	4165
4099	4099
4179	4179
4228	4228
4225	4225
4224	4224
4179	4179
4170	4170
4241	4241
4264	4264
4263	4263
4282	4282
4266	4266
4207	4207
4279	4279
4225	4225
4252	4252
4225	4225
4260	4260
4271	4271
4235	4235
4250	4250
4211	4211
4288	4288
4360	4360
4363	4363
4393	4393
4318	4318
4263	4263
4320	4320
4310	4310
4247	4247
4275	4275
4248	4248
4261	4261
4297	4297
4298	4298
4251	4251
4251	4251
4267	4267
4233	4233
4246	4246
4281	4281
4266	4266
4216	4216
4263	4263
4298	4298
4288	4288
4260	4260
4270	4270
4291	4291
4300	4300
4294	4294
4337	4337
4320	4320
4300	4300
4312	4312
4249	4249
4321	4321
4298	4298
4287	4287
4213	4213
4220	4220
4231	4231
4332	4332
4300	4300
4242	4242
4348	4348
4394	4394
4357	4357
4290	4290
4278	4278
4252	4252
4205	4205
4252	4252
4326	4326
4313	4313
4292	4292
4288	4288
4305	4305
4330	4330
4298	4298
4325	4325
4283	4283
4317	4317
4211	4211
4321	4321
4236	4236
4266	4266
4226	4226
4161	4161
4065	4065
4138	4138
3860	3860
3708	3708
3696	3696
3949	3949
3903	3903
4021	4021
3884	3884
3945	3945
3931	3931
4009	4009
3989	3989
3993	3993
3933	3933
3976	3976
4068	4068
4103	4103
4138	4138
4130	4130
3997	3997
4143	4143
4148	4148
4135	4135
4116	4116
4156	4156
4130	4130
3972	3972
4088	4088
4064	4064
4103	4103
4044	4044
4179	4179
3991	3991
4034	4034
4064	4064
4018	4018
3955	3955
3935	3935
3961	3961
3933	3933
3974	3974
3815	3815
3668	3668
3775	3775
3660	3660
3704	3704
3823	3823
3709	3709
3366	3366
3326	3326
3310	3310
3486	3486
3787	3787
3718	3718
3733	3733
3819	3819
3729	3729
3660	3660
3636	3636
3840	3840
3752	3752
3744	3744
3737	3737
3746	3746
3640	3640
3481	3481
3520	3520
3511	3511
3633	3633
3599	3599
3710	3710
3844	3844
3802	3802
3700	3700
3767	3767
3736	3736
3805	3805
3653	3653
3659	3659
3733	3733
3673	3673
3715	3715
3712	3712
3732	3732
3599	3599
3609	3609
3631	3631
3559	3559
3752	3752
3748	3748
3739	3739
3881	3881
3815	3815
3808	3808
3816	3816
3818	3818
3811	3811
3858	3858
3795	3795
3979	3979
3932	3932
3897	3897
3563	3563
3470	3470
3826	3826
3856	3856
3851	3851
3887	3887
3919	3919
3833	3833
3858	3858
3892	3892
3894	3894
3930	3930
3957	3957
3941	3941
3872	3872
3856	3856
3835	3835
3829	3829
3916	3916
3838	3838
3987	3987
3933	3933
3916	3916
3909	3909
3843	3843
3884	3884
3831	3831
3729	3729
3931	3931
3920	3920
3896	3896
3657	3657
3691	3691
3766	3766
3727	3727
3848	3848
3870	3870
3883	3883
3861	3861
3970	3970
3916	3916
3935	3935
3815	3815
3719	3719
3535	3535
3743	3743
3801	3801
3647	3647
3524	3524
3564	3564
3654	3654
3684	3684
3568	3568
3772	3772
3682	3682
3597	3597
3610	3610
3509	3509
3613	3613
3743	3743
3629	3629
3550	3550
3588	3588
3715	3715
3612	3612
3756	3756
3713	3713
3724	3724
3586	3586
3786	3786
3811	3811
3765	3765
3777	3777
3698	3698
3720	3720
3712	3712
3663	3663
3614	3614
3704	3704
3748	3748
3658	3658
3583	3583
3675	3675
3679	3679
3665	3665
3706	3706
3687	3687
3641	3641
3613	3613
3681	3681
3666	3666
3679	3679
3625	3625
3672	3672
3656	3656
3659	3659
3605	3605
3672	3672
3665	3665
3635	3635
3620	3620
3619	3619
3627	3627
3637	3637
3615	3615
3621	3621
3625	3625
3573	3573
3591	3591
3610	3610
3587	3587
3691	3691
3639	3639
3621	3621
3639	3639
3582	3582
3652	3652
3602	3602
3554	3554
3631	3631
3712	3712
3659	3659
3597	3597
3660	3660
3582	3582
3612	3612
3605	3605
3603	3603
3559	3559
3640	3640
3666	3666
3545	3545
3557	3557
3601	3601
3551	3551
3576	3576
3526	3526
3635	3635
3651	3651
3623	3623
3634	3634
3647	3647
3603	3603
3594	3594
3486	3486
3534	3534
3544	3544
3532	3532
3558	3558
3590	3590
3543	3543
3554	3554
3480	3480
3535	3535
3421	3421
3564	3564
3605	3605
3562	3562
3457	3457
3434	3434
3501	3501
3505	3505
3490	3490
3471	3471
3479	3479
3565	3565
3493	3493
3466	3466
3440	3440
3409	3409
3451	3451
3528	3528
3525	3525
3471	3471
3520	3520
3634	3634
3534	3534
3487	3487
3578	3578
3544	3544
3647	3647
3509	3509
3526	3526
3561	3561
3567	3567
3501	3501
3471	3471
3487	3487
3522	3522
3604	3604
3579	3579
3536	3536
3607	3607
3558	3558
3627	3627
3649	3649
3583	3583
3586	3586
3612	3612
3501	3501
3598	3598
3687	3687
3588	3588
3574	3574
3631	3631
3506	3506
3497	3497
3584	3584
3483	3483
3022	3022
3292	3292
3607	3607
3553	3553
3423	3423
3608	3608
3694	3694
3849	3849
4028	4028
3898	3898
3716	3716
3862	3862
3690	3690
3817	3817
3978	3978
4013	4013
3949	3949
3840	3840
3970	3970
3971	3971
3898	3898
3803	3803
3768	3768
3716	3716
3493	3493
3508	3508
3324	3324
3319	3319
3333	3333
3246	3246
3260	3260
3102	3102
2977	2977
3098	3098
3404	3404
3645	3645
3759	3759
3785	3785
3856	3856
3753	3753
3629	3629
3726	3726
3800	3800
3876	3876
3919	3919
4060	4060
4010	4010
3937	3937
3660	3660
3637	3637
3629	3629
3688	3688
3843	3843
3883	3883
4009	4009
4081	4081
4113	4113
4177	4177
4137	4137
4225	4225
4360	4360
4356	4356
4376	4376
4385	4385
4369	4369
4370	4370
4344	4344
4393	4393
4384	4384
4391	4391
4396	4396
4417	4417
4464	4464
4443	4443
4496	4496
4500	4500
4525	4525
4522	4522
4529	4529
4469	4469
4543	4543
4526	4526
4586	4586
4605	4605
4522	4522
4547	4547
4623	4623
4672	4672
4717	4717
4713	4713
4690	4690
4665	4665
4671	4671
4693	4693
4764	4764
4664	4664
4636	4636
4679	4679
4640	4640
4331	4580
4537	4537
4218	4519
4260	4517
4195	4491
4140	4430
4045	4362
3903	4338
4326	4326
4208	4208
3789	4237
3698	4153
3662	4186
3682	4220
3562	4068
3535	4100
3652	4226
3684	4259
3632	4218
3576	4148
4257	4257
4327	4327
3850	4365
3851	4342
3808	4258
3720	4214
3540	4007
3497	3959
3445	3922
3499	3913
3436	3895
3373	3832
3252	3729
3291	3728
3344	3740
3389	3776
3293	3665
3256	3629
3249	3630
3568	3568
3141	3541
3261	3658
3329	3728
3303	3726
3373	3754
3388	3823
3444	3739
3494	3776
3518	3826
3466	3745
3561	3807
3583	3854
3602	3854
3563	3809
3530	3791
3417	3669
3521	3784
3581	3758
3628	3812
3768	3977
3716	3940
3709	3896
3748	3923
3623	3856
3667	3882
3738	3920
3704	3932
3758	3934
3767	3964
3850	4056
3882	4105
3894	4152
3874	4123
3832	4096
3820	4076
3765	4027
3754	3995
3909	4109
3786	3992
3843	4052
3807	4015
3800	3997
3916	4074
3716	4000
3976	3976
3995	3995
4077	4077
4005	4005
4014	4014
4027	4027
3997	3997
3979	3979
4022	4022
4074	4074
4087	4087
4054	4054
4096	4096
4025	4025
4000	4000
4025	4025
3988	3988
4082	4082
4011	4011
4000	4000
3941	3941
3994	3994
3941	3941
4005	4005
4128	4128
4070	4070
4146	4146
4149	4149
4152	4152
4162	4162
3581	4207
3567	4196
3531	4157
3547	4133
3644	4235
3531	4123
3535	4155
3891	4197
3568	4133
3665	4214
3582	4157
3793	4112
3503	4056
3701	4017
3723	4094
3575	4143
3551	4139
3565	4155
3676	4243
3694	4292
3653	4265
3677	4317
3569	4277
3602	4311
3533	4322
3547	4314
3618	4401
3530	4304
3592	4368
3562	4343
3630	4419
3631	4425
3615	4435
3622	4432
3661	4488
3565	4450
3550	4498
3513	4442
3575	4472
3525	4525
3497	4519
3439	4509
3362	4530
3331	4483
3446	4536
3367	4565
3441	4555
3401	4562
3479	4589
3506	4624
3423	4615
3444	4650
3432	4616
3390	4580
3353	4630
3390	4606
3431	4641
3426	4678
3499	4705
3409	4661
3465	4697
3447	4652
3464	4667
3497	4672
3527	4676
3486	4689
3517	4668
3464	4676
3518	4675
3457	4692
3439	4707
3577	4743
3500	4736
3578	4727
3610	4747
3538	4758
3601	4736
3636	4739
3641	4744
3722	4777
3822	4778
3814	4778
3859	4808
3868	4776
3857	4778
3609	4778
3581	4791
3525	4775
3505	4779
3505	4760
3510	4783
3495	4779
3520	4798
3446	4767
3504	4761
3481	4753
3517	4778
3524	4790
3572	4741
3653	4789
3619	4787
3551	4752
3591	4775
3583	4759
3577	4766
3603	4759
3575	4753
3567	4767
3596	4771
3548	4760
3639	4771
3604	4738
3615	4774
3519	4729
3487	4703
3554	4755
3565	4742
3536	4752
3472	4704
3513	4734
3487	4741
3454	4741
3426	4753
3531	4742
3380	4747
3509	4753
3510	4735
3560	4744
3392	4688
3517	4713
3432	4714
3413	4700
3449	4722
3474	4754
3515	4739
3646	4729
3513	4721
3479	4725
3499	4721
3486	4720
3506	4737
3472	4730
3477	4713
3519	4713
3504	4726
3470	4681
3470	4715
3473	4722
3533	4730
3499	4719
3460	4682
3464	4692
3412	4643
3401	4667
3513	4686
3495	4660
3550	4706
3592	4712
3650	4711
3570	4723
3577	4705
3682	4752
3629	4725
3672	4728
3723	4732
3761	4753
3693	4707
3702	4729
3728	4741
3682	4707
3682	4694
3705	4713
3718	4717
3748	4720
3706	4714
3703	4735
3645	4672
3705	4702
3688	4710
3709	4710
3738	4745
3715	4709
3732	4735
3747	4735
3729	4755
3703	4758
3724	4754
3679	4759
3670	4727
3723	4735
3661	4714
3719	4741
3618	4733
3641	4700
3723	4745
3711	4697
3688	4693
3661	4714
3606	4677
3658	4728
3604	4687
3556	4677
3579	4698
3595	4670
3548	4691
3621	4650
3562	4643
3560	4656
3557	4673
3590	4683
3529	4674
3511	4660
3551	4625
3586	4651
3578	4676
3490	4608
3518	4565
3618	4643
3650	4725
3749	4790
3715	4771
3709	4787
3810	4838
3874	4854
3931	4871
3873	4879
3862	4863
3801	4849
3834	4891
3787	4861
3841	4865
3865	4872
3902	4850
3879	4847
3815	4833
3887	4832
3931	4846
3864	4827
3962	4837
3806	4819
3804	4846
3716	4838
3650	4864
3658	4844
3585	4823
3619	4841
3608	4879
3651	4861
4038	4858
4036	4851
3872	4869
3840	4875
3831	4867
3823	4886
3844	4888
3802	4858
3805	4894
3936	4888
3782	4867
3744	4878
3969	4884
3924	4901
3929	4907
3840	4862
3885	4926
3838	4889
3845	4868
3803	4888
3791	4888
3782	4876
3666	4882
3668	4865
3724	4889
3708	4881
3712	4842
3706	4834
3759	4828
3734	4829
3812	4837
3811	4835
3765	4828
3766	4855
3781	4860
3891	4868
3956	4883
3967	4839
3908	4851
3929	4868
3940	4873
3936	4863
3934	4854
3979	4868
4002	4877
3931	4839
3931	4846
3913	4824
3890	4830
3916	4845
3867	4850
3831	4846
3843	4846
3922	4850
3973	4841
3981	4878
3962	4822
3969	4843
3954	4802
4020	4852
4002	4869
3927	4850
3891	4869
3902	4878
3848	4854
3845	4880
3812	4911
3677	4880
3643	4870
3691	4883
3738	4890
3728	4881
3733	4880
3707	4880
3720	4894
3693	4867
3605	4835
3656	4875
3678	4866
3701	4900
3710	4864
3689	4877
3742	4898
3732	4901
3813	4885
3723	4878
3822	4889
3822	4880
3831	4892
3788	4907
3805	4901
3768	4899
3751	4913
3715	4894
3709	4892
3714	4891
3682	4885
3690	4894
3710	4913
3677	4884
3642	4895
3686	4916
3627	4914
3664	4894
3639	4895
3618	4883
3636	4904
3620	4916
3624	4922
3583	4902
3646	4937
3612	4929
3502	4928
3531	4922
3543	4911
3544	4898
3564	4930
3600	4947
3610	4919
3626	4957
3563	4938
3618	4943
3651	4967
3570	4949
3581	4936
3655	4947
3669	4948
3717	4944
3681	4940
3769	4950
3779	4951
3769	4946
3740	4948
3763	4933
3767	4951
3724	4949
3703	4941
3686	4935
3697	4948
3931	4954
3802	4965
3804	4947
3850	4978
3762	4969
3756	4982
3894	4983
3909	4961
3866	4956
3857	4990
3860	4982
3823	4977
3811	4970
3755	4966
3818	4975
3829	4974
3810	4969
3921	4965
3720	4963
3661	4958
3531	4956
3605	4959
3608	4957
3573	4947
3551	4941
3617	4956
3587	4972
3495	4972
3525	4959
3576	4952
3580	4929
3637	4941
3627	4949
3615	4947
3574	4946
3537	4948
3541	4946
3488	4942
3486	4937
3435	4918
3477	4925
3500	4946
3552	4939
3551	4953
3617	4936
3635	4940
3658	4960
3609	4955
3622	4931
3654	4928
3648	4923
3558	4930
3607	4926
3684	4929
3658	4945
3695	4947
3694	4915
3748	4905
3575	4920
3754	4924
3719	4935
3720	4922
3644	4963
3691	4905
3707	4904
3676	4926
3717	4935
3738	4905
3714	4910
3755	4915
3819	4927
3753	4921
3752	4918
3775	4909
3739	4912
3753	4897
3791	4928
3771	4934
3762	4925
3762	4947
3729	4918
3769	4911
3792	4932
3727	4942
3694	4919
3674	4924
3664	4923
3657	4907
3609	4895
3575	4892
3665	4898
3593	4902
3602	4901
3554	4890
3564	4875
3503	4883
3521	4875
3542	4886
3519	4883
3443	4857
3575	4856
3679	4850
3487	4840
3455	4831
3487	4823
3507	4842
3531	4837
3535	4832
3490	4836
3562	4835
3562	4814
3546	4817
3487	4811
3528	4814
3551	4807
3492	4826
3499	4843
3506	4825
3521	4855
3484	4848
3456	4806
3444	4826
3489	4834
3568	4838
3508	4814
3543	4853
3588	4867
3593	4895
3580	4862
3518	4853
3539	4897
3589	4856
3699	4893
3448	4907
3496	4910
3620	4896
3636	4869
3676	4892
3696	4897
3756	4889
3686	4900
3695	4923
3689	4915
3687	4912
3686	4906
3674	4923
3657	4911
3722	4918
3670	4923
3655	4937
3611	4923
3628	4940
3583	4905
3581	4905
3526	4918
3527	4915
3519	4901
3557	4900
3547	4896
3474	4898
3569	4906
3517	4895
3461	4900
3322	4867
3508	4873
3408	4861
3391	4867
3249	4851
3281	4845
3154	4839
2783	4829
2830	4810
2825	4803
2708	4815
2784	4837
2676	4844
2700	4843
2871	4847
2629	4826
2563	4837
2562	4826
2582	4843
2578	4810
2706	4789
2638	4841
2747	4837
2779	4804
2522	4788
2568	4783
2572	4796
2632	4779
2563	4789
2562	4752
2460	4714
2592	4773
2492	4771
2554	4786
2516	4830
2365	4798
2430	4814
2463	4824
2507	4819
2592	4817
2603	4825
2641	4816
2587	4807
2545	4825
2638	4802
2601	4833
2554	4814
2597	4837
2557	4825
2567	4844
2596	4852
2543	4839
2500	4825
2565	4819
2586	4797
2711	4845
2860	4870
2825	4849
2784	4854
2850	4886
2897	4854
2925	4855
2902	4853
3073	4926
2966	4874
3030	4875
3243	4896
3041	4858
3105	4894
3178	4899
3111	4898
3338	4934
3322	4925
3329	4932
3263	4934
3243	4922
3222	4953
3342	4942
3351	4954
3400	4979
3369	4934
3342	4945
3354	4930
3435	4920
3760	4887
3504	4916
3672	4928
3658	4941
3747	4921
3652	4912
3742	4908
3754	4916
3899	4908
3892	4914
3896	4912
3834	4919
3727	4880
3735	4827
3733	4814
3653	4910
3568	4877
3580	4874
3398	4882
3332	4860
3283	4874
3348	4889
3363	4848
3263	4839
3292	4878
3259	4836
3187	4815
3183	4842
3145	4800
3136	4817
3224	4855
3109	4839
3079	4842
3143	4815
3135	4845
3090	4845
3061	4857
3053	4846
3061	4835
3020	4857
2916	4855
2875	4832
2920	4801
2904	4798
2900	4807
3004	4818
2906	4785
2897	4788
2860	4744
2870	4744
2936	4785
2855	4770
2952	4773
2913	4746
2791	4785
2822	4798
2735	4771
2688	4765
2656	4779
2730	4782
2515	4767
2585	4767
2739	4796
2643	4800
2708	4778
2569	4757
2562	4744
2548	4763
2444	4744
2574	4775
2520	4774
2499	4700
2462	4705
2388	4700
2359	4674
2257	4723
2095	4725
2089	4684
2176	4699
2082	4646
2113	4689
2090	4687
2112	4631
2091	4636
2201	4658
2196	4662
2071	4670
2000	4655
2113	4657
2217	4683
2121	4673
2094	4650
2145	4681
2210	4725
2284	4723
2242	4761
2344	4748
2219	4785
2306	4790
2199	4727
2218	4766
2109	4755
2106	4778
2102	4719
2144	4769
2086	4774
2039	4785
2099	4773
2130	4784
2049	4760
2214	4772
2272	4808
2731	4801
2629	4755
2176	4814
2200	4825
2736	4867
2754	4842
2645	4850
2691	4838
2098	4824
2655	4819
2688	4815
2723	4849
2644	4861
2669	4858
2745	4860
2823	4852
2807	4837
2852	4864
2877	4861
2804	4857
2802	4833
2568	4830
2931	4864
2653	4847
2871	4837
2646	4846
2460	4838
2579	4836
2626	4849
2667	4839
2652	4859
2553	4862
2623	4869
2708	4860
2723	4858
2684	4845
2674	4844
2690	4831
2581	4824
2591	4857
2671	4837
2651	4842
2666	4824
2672	4849
2732	4880
2759	4881
2786	4889
2694	4840
2736	4847
2784	4846
2740	4844
2738	4847
2714	4861
2833	4838
2813	4835
2767	4820
3139	4857
2821	4864
3101	4856
2742	4866
2890	4879
2975	4866
2938	4876
2971	4885
2957	4886
3085	4901
3117	4875
2716	4865
2916	4875
2703	4871
2615	4869
2887	4892
2807	4876
2921	4891
2855	4883
2676	4889
2737	4919
2730	4864
2736	4873
2794	4891
2764	4880
2651	4891
2614	4874
2488	4895
2460	4879
2278	4865
2187	4851
2148	4870
2199	4864
2240	4892
2249	4886
2123	4889
2300	4901
2298	4887
2403	4902
2310	4894
2349	4883
2447	4901
2531	4868
2493	4846
2503	4845
2499	4865
2420	4843
2418	4852
2414	4846
2466	4857
2472	4853
2410	4854
2418	4854
2483	4860
2500	4864
2425	4852
2370	4871
2442	4871
2355	4864
2402	4881
2452	4859
2381	4886
2361	4866
2337	4877
2418	4865
2441	4846
2589	4856
2704	4844
2675	4835
2874	4828
2670	4803
2624	4793
2741	4811
2668	4791
2661	4809
2707	4806
2644	4823
2722	4814
2817	4852
2735	4795
2611	4806
2790	4803
2700	4800
2680	4839
2791	4839
2776	4834
2745	4834
2789	4816
2770	4835
2794	4823
2707	4810
2665	4827
2718	4812
2881	4835
2918	4830
2914	4817
2911	4829
2931	4784
2893	4809
2874	4808
2842	4804
2891	4830
2902	4842
4839	4839
4844	4844
4867	4867
3548	4822
3645	4843
3483	4853
4843	4843
3464	4851
4870	4870
4860	4860
3467	4846
3578	4863
3685	4866
3653	4871
3648	4862
3653	4862
3607	4888
3606	4879
3592	4868
3600	4890
3586	4877
3646	4890
3638	4897
3579	4887
3675	4889
3638	4871
3553	4875
3607	4885
3647	4864
4892	4892
3637	4886
3726	4873
3692	4905
3679	4902
3003	4915
4906	4906
4899	4899
4883	4883
2884	4883
2889	4883
2914	4880
2904	4864
2867	4866
2962	4867
2885	4865
2966	4862
2912	4857
2946	4846
2947	4814
2851	4809
2824	4862
2889	4881
2857	4855
2910	4853
2920	4867
2939	4868
2860	4860
2756	4850
2750	4837
2810	4814
2795	4830
2712	4829
2756	4831
2657	4804
2715	4849
2671	4784
2738	4812
2618	4828
2688	4835
2750	4817
2825	4842
2887	4781
2791	4788
2804	4796
2725	4820
2717	4820
2774	4815
2822	4834
2808	4794
2748	4805
2789	4776
2787	4776
2813	4767
2792	4780
2771	4786
2778	4790
2711	4788
2738	4805
2705	4812
2661	4819
2661	4833
2627	4785
2680	4821
2667	4838
2706	4818
2672	4858
2674	4854
2664	4829
2642	4789
2689	4822
2776	4857
2685	4850
2804	4848
2715	4864
2778	4855
2794	4839
2743	4847
2715	4839
2752	4846
2793	4820
2768	4800
2819	4811
2695	4801
2765	4802
2679	4749
2708	4795
2755	4828
2763	4826
2720	4811
2811	4823
2839	4837
2769	4809
2717	4838
2694	4840
2668	4838
2719	4794
2643	4829
2626	4817
2698	4856
2705	4854
2659	4862
2745	4844
2669	4854
2679	4817
2735	4865
2785	4878
2823	4891
2788	4881
2804	4892
2777	4900
2875	4899
2821	4907
2869	4894
2792	4859
2818	4789
2787	4771
2541	4840
2494	4843
2587	4828
2501	4849
2599	4841
2462	4830
2450	4837
2438	4810
2194	4813
2264	4784
2217	4781
2371	4747
2365	4772
2237	4766
2136	4696
2125	4770
2111	4800
2212	4798
2276	4779
2385	4824
2362	4756
2228	4701
2077	4741
2140	4703
1933	4713
1911	4733
1926	4731
2071	4762
2100	4804
2150	4782
2203	4765
2322	4780
2426	4767
2520	4799
2356	4733
2227	4670
2165	4758
1984	4728
2031	4733
2263	4776
2268	4804
2427	4763
2352	4805
2435	4750
2293	4765
2440	4776
2478	4755
2499	4749
2550	4757
2516	4722
2589	4718
2642	4745
2690	4794
2663	4777
2697	4802
2755	4821
2684	4795
2785	4781
2873	4771
2864	4765
2876	4787
2904	4757
2886	4784
2875	4766
2742	4755
2873	4757
2855	4773
2821	4797
2840	4742
2747	4768
2839	4755
2821	4742
2725	4732
2630	4775
2602	4746
2847	4793
2889	4785
2830	4774
2765	4748
2750	4736
2777	4772
2764	4770
2798	4773
2765	4750
2733	4753
2641	4767
2591	4719
2614	4703
2605	4731
2790	4762
2802	4784
2786	4722
2873	4770
2797	4756
2819	4785
2810	4732
2614	4758
2683	4746
2829	4762
2907	4830
2815	4828
2823	4811
2932	4832
3021	4850
2810	4813
2880	4800
2598	4795
2600	4822
2716	4837
2563	4817
2506	4780
2463	4769
2580	4679
2475	4683
2419	4706
2408	4674
2356	4621
2398	4591
2290	4433
2415	4688
2363	4673
2296	4666
2085	4452
2234	4516
2420	4710
2414	4703
2492	4693
2518	4776
2451	4776
2381	4700
2351	4693
2581	4749
2557	4726
2656	4747
2674	4749
2659	4747
2613	4720
2661	4727
2942	4757
2892	4735
2955	4742
3085	4789
3109	4753
3059	4756
3051	4795
3112	4811
3075	4752
3020	4777
3114	4796
3123	4795
3046	4796
3156	4799
3232	4777
3244	4824
3314	4783
3275	4817
3288	4827
3418	4828
3449	4825
3472	4836
3480	4796
3451	4786
3492	4788
3563	4837
3729	4855
3759	4843
3700	4855
3772	4871
3692	4882
3691	4886
3769	4882
3721	4887
3765	4886
3722	4896
3750	4886
3624	4801
3645	4861
3681	4851
3756	4860
3770	4860
3721	4844
3681	4845
3662	4796
3799	4839
3868	4852
3835	4835
3888	4842
3879	4833
3875	4824
3845	4791
3965	4864
3944	4833
3820	4812
3904	4866
3866	4806
3821	4766
3822	4799
3931	4843
3920	4845
3854	4826
3850	4845
3819	4800
3840	4797
3999	4816
4184	4834
4229	4850
4204	4883
4146	4881
3923	4837
3825	4817
3758	4798
3767	4838
3746	4830
3778	4831
3760	4816
3716	4799
3810	4812
3812	4824
3781	4802
3782	4806
3825	4822
3883	4817
3972	4810
3965	4790
3924	4795
3949	4800
3942	4785
3925	4792
3957	4821
4019	4813
4219	4827
4803	4803
4332	4819
4298	4827
4826	4826
4221	4844
4856	4856
4208	4876
4215	4871
4386	4869
4370	4848
4358	4845
4166	4843
4191	4848
4840	4840
4823	4823
4837	4837
4249	4849
4173	4834
4007	4820
4064	4823
4038	4835
3978	4801
4011	4826
4006	4826
3936	4812
3910	4820
3992	4814
3981	4808
3962	4839
3926	4814
3843	4802
3931	4812
3889	4765
3925	4843
3865	4809
3852	4813
3736	4807
3808	4810
3938	4835
3883	4842
3895	4814
3910	4834
3902	4835
3857	4834
3928	4839
3929	4817
3884	4809
3886	4777
3843	4795
3897	4800
3769	4770
3785	4750
3652	4781
3671	4793
3776	4803
3775	4816
3743	4751
3841	4768
3824	4773
3843	4780
3922	4795
3911	4789
3909	4799
4009	4802
4159	4820
4160	4794
4316	4872
4158	4841
4246	4887
4316	4861
4326	4882
4374	4897
4362	4891
4363	4878
4393	4871
4356	4868
4390	4871
4410	4871
4433	4873
4413	4858
4403	4864
4347	4868
4340	4867
4317	4873
4354	4869
4364	4885
4360	4881
4243	4882
4244	4898
4278	4915
4228	4899
4215	4892
4152	4891
4085	4895
4042	4906
3995	4917
4003	4930
3979	4922
3902	4928
3983	4941
3870	4930
3828	4936
3866	4947
3827	4958
3906	4968
3745	4952
3746	4959
3830	4963
3862	4963
3905	4938
3831	4943
3860	4942
3851	4944
3897	4945
3918	4945
3966	4942
4005	4949
4060	4940
4005	4948
4015	4962
4073	4934
4043	4951
4026	4913
4060	4933
4014	4911
4011	4915
4012	4936
3914	4909
3954	4915
3881	4917
3881	4902
3940	4947
3895	4949
3941	4968
3910	4944
3922	4951
3968	4958
3948	4950
3975	4948
3956	4939
4003	4965
3979	4958
3968	4946
3995	4952
3962	4932
3986	4928
3982	4917
3897	4918
3919	4923
3905	4921
3895	4914
3909	4924
3936	4911
3908	4917
3885	4901
4007	4906
3856	4882
3834	4928
3808	4916
3818	4927
3826	4910
3866	4959
3902	4958
3905	4954
3866	4922
3896	4954
3908	4942
3892	4943
3703	4919
3768	4947
3718	4941
3712	4934
3787	4945
3701	4934
3772	4949
3690	4941
3646	4954
3552	4960
3665	4969
3644	4979
3677	4964
3655	4975
3582	4960
3456	4955
3537	4984
3587	4970
3479	4946
3488	4967
3432	4954
3407	4976
3290	4986
3207	4971
3170	4964
3070	4970
2941	4968
2882	4942
2743	4957
2739	4970
2857	4987
2691	4957
2910	4948
3069	4952
3267	4940
3337	4942
3324	4958
3298	4944
3305	4940
3254	4925
3241	4948
3357	4970
3227	4948
3198	4943
3156	4941
3072	4954
3142	4957
3144	4934
3134	4943
3038	4956
3027	4945
2909	4893
2867	4898
2878	4892
2957	4919
2937	4887
2940	4906
2881	4844
2929	4879
2949	4901
2883	4857
2847	4890
2729	4850
2847	4840
2774	4857
2781	4847
2824	4849
2839	4875
3036	4890
2957	4871
3013	4866
2995	4858
3052	4849
3018	4865
3045	4848
3044	4891
3115	4885
3063	4885
3084	4888
3189	4865
3066	4876
2969	4890
3106	4891
3156	4907
3179	4902
3157	4847
3073	4876
3117	4869
3065	4890
3010	4866
3045	4880
3085	4860
3088	4878
3188	4893
3009	4874
3152	4874
3065	4882
3112	4894
3068	4894
3118	4879
3124	4888
3164	4887
3144	4874
3092	4920
3089	4901
3191	4908
3196	4922
3106	4918
3102	4937
3285	4893
3146	4901
3259	4876
3058	4892
3085	4874
3091	4886
3133	4839
3122	4888
3071	4904
3111	4890
3022	4858
3086	4859
3207	4875
3247	4885
3279	4889
3218	4892
3233	4866
3190	4851
3274	4836
3174	4852
3415	4847
3330	4855
3351	4841
3484	4850
3340	4809
3454	4812
3372	4852
3341	4821
3333	4798
3320	4813
3445	4862
3427	4805
3365	4785
3333	4783
3121	4797
3163	4837
3223	4800
3123	4792
3284	4817
3130	4789
2957	4652
2880	4678
3029	4756
2859	4715
2774	4665
2826	4661
2755	4692
2671	4652
2624	4690
2656	4662
2587	4653
2725	4692
2780	4633
2769	4656
2655	4650
2880	4676
2591	4690
2678	4658
2764	4643
2749	4678
2695	4647
2751	4658
2598	4671
2554	4629
2590	4659
2704	4651
2735	4721
2851	4750
2624	4707
2589	4698
2525	4696
2504	4690
2611	4745
2657	4730
2667	4755
2662	4715
2593	4718
2690	4731
2642	4725
2618	4719
2672	4765
2715	4696
2742	4645
2702	4487
2687	4630
2663	4687
2650	4735
2619	4713
2617	4678
2625	4664
2596	4657
2587	4594
2574	4604
2688	4598
2837	4600
2670	4619
2635	4637
2645	4629
2795	4618
2782	4617
2741	4641
2798	4616
2859	4598
2870	4605
2902	4527
3007	4598
2799	4573
2820	4568
2839	4573
2848	4605
2643	4600
2695	4563
2742	4569
2697	4589
2692	4549
2644	4591
2734	4549
2631	4582
2715	4579
2760	4582
2799	4572
2680	4574
2704	4536
2824	4567
2983	4596
2922	4613
2873	4601
3005	4615
3037	4615
2913	4661
3021	4690
2916	4685
2996	4677
2972	4693
3102	4723
2948	4709
3056	4681
3266	4728
3232	4689
3490	4683
3513	4670
3560	4655
3618	4681
3667	4668
3625	4639
3680	4622
3402	4623
3313	4640
3086	4567
2965	4512
2889	4437
2811	4421
2666	4396
2416	4393
2463	4408
2211	4385
2164	4372
2253	4435
2450	4425
2457	4456
2636	4481
2505	4497
2572	4499
2500	4504
2356	4485
4499	4499
4515	4515
4472	4472
4477	4477
4470	4470
4516	4516
4420	4420
4395	4395
4489	4489
4488	4488
4439	4439
4410	4410
4414	4414
2873	4409
4467	4467
4437	4437
4432	4432
4430	4430
2950	4436
2867	4486
4477	4477
2973	4490
2762	4443
4412	4412
4462	4462
2729	4472
2775	4494
2823	4495
2597	4508
2668	4457
2578	4573
2667	4598
2621	4576
2693	4572
2812	4582
2779	4542
2717	4563
2683	4612
2667	4564
2698	4543
2838	4549
2973	4557
3079	4557
3236	4577
3306	4579
3224	4547
3245	4547
3190	4444
2942	4475
2888	4503
2778	4492
2833	4473
2623	4470
2611	4497
2659	4396
2724	4434
2691	4399
2736	4263
2498	4302
2434	4344
2378	4348
2397	4326
2412	4351
2460	4348
2545	4358
2594	4376
2724	4392
2638	4369
2633	4358
2503	4384
2533	4370
2462	4280
2543	4348
2434	4333
2418	4288
2408	4311
2499	4366
2522	4356
2515	4360
2451	4263
2493	4330
2568	4357
2456	4331
2526	4358
2523	4351
2489	4386
2090	4432
2676	4413
2661	4428
2742	4469
2612	4451
2507	4432
2723	4484
2790	4507
2788	4405
2666	4385
2710	4378
2720	4415
2832	4432
2655	4433
2641	4454
2616	4444
2626	4358
2662	4374
3061	4485
3028	4415
3078	4415
3170	4469
3338	4547
3477	4469
3622	4521
3618	4524
3642	4563
3627	4515
3589	4596
3507	4594
3493	4535
3481	4475
3461	4511
3475	4518
3420	4507
3408	4473
3368	4497
3338	4421
3243	4339
3273	4393
3316	4421
3282	4405
3195	4396
3202	4329
3282	4347
3436	4230
3327	4146
3455	4339
3333	4321
3283	4279
3293	4318
3327	4322
3426	4373
3369	4348
3361	4341
3410	4322
3294	4351
3526	4321
3478	4290
3562	4337
3382	4358
3282	4314
3308	4316
3318	4341
3311	4333
3303	4314
3363	4351
3358	4405
3593	4470
3563	4407
3580	4436
3545	4394
3626	4421
3600	4386
3619	4404
3636	4474
3575	4431
3610	4409
3613	4456
3540	4413
3554	4451
3560	4521
3567	4457
3564	4526
3595	4468
4494	4494
3547	4513
3532	4481
4350	4350
4518	4518
3558	4309
4341	4341
4472	4472
3600	4514
3619	4454
3702	4536
3656	4504
3681	4514
3642	4501
3664	4544
3656	4511
3646	4488
3724	4470
3749	4469
3680	4461
3700	4494
3705	4471
3658	4396
3678	4478
3691	4448
3697	4445
3696	4460
3682	4477
3704	4454
3665	4441
3828	4540
3766	4549
3805	4605
3823	4548
3810	4587
3861	4606
3874	4597
3866	4582
3876	4588
3857	4588
3843	4615
3845	4639
3858	4640
3802	4633
3609	4597
3611	4611
3530	4634
3380	4644
3328	4558
3811	4628
3843	4705
3396	4707
3894	4735
3555	4745
3726	4781
3993	4810
4060	4820
3972	4803
3998	4800
4005	4798
4034	4815
4049	4813
3997	4808
4034	4788
4005	4819
4023	4823
3986	4800
3933	4778
3842	4807
3755	4769
3755	4735
3050	4719
3821	4738
3920	4699
3907	4677
3949	4709
3936	4685
3932	4667
3885	4686
3847	4662
3847	4615
3744	4616
3819	4737
3821	4695
3771	4669
3828	4696
3810	4727
3856	4756
3915	4812
4001	4781
3992	4750
4039	4781
3904	4774
4032	4823
4082	4830
4029	4862
3985	4847
3938	4836
3876	4854
3807	4859
3824	4870
3899	4853
3610	4854
3796	4839
3821	4818
3927	4831
3861	4831
4045	4841
4029	4852
4007	4845
4007	4810
4022	4833
4070	4818
4066	4833
4016	4825
3973	4815
3790	4805
3830	4822
3887	4834
3983	4817
3678	4815
2945	4835
3771	4854
3771	4864
3755	4871
3756	4889
3696	4877
3686	4913
3703	4876
3677	4907
3556	4889
3673	4916
3601	4903
3611	4950
3259	4934
3297	4944
3423	4953
3387	4948
3205	4941
3289	4950
3276	4954
3393	4957
3423	4956
3444	4955
3511	4953
3686	4957
3697	4963
3532	4955
3558	4974
3579	4974
3812	4966
3134	4976
2886	4983
2899	4984
4092	4993
4068	4987
4037	4981
4056	4987
4073	4986
4135	4991
4083	4980
4144	4984
4092	4971
4102	4974
4125	4981
4143	4969
4236	4990
4229	4975
4240	4975
4329	4982
4286	4967
4244	4955
4217	4945
4202	4941
4151	4961
4180	4951
4253	4961
4189	4956
4202	4930
4100	4955
3974	4956
4259	4933
4210	4933
3902	4922
4168	4929
3956	4948
3882	4911
3881	4916
3976	4910
4166	4923
3905	4927
3863	4906
3871	4898
3848	4892
3803	4881
3790	4894
3756	4877
3776	4876
3760	4863
3748	4866
3755	4859
3798	4874
3702	4848
3940	4871
3736	4837
3766	4818
3909	4854
3962	4837
3938	4837
3835	4848
3997	4855
4000	4862
4073	4894
4053	4906
4073	4911
4020	4876
4074	4898
3781	4879
3969	4905
3978	4888
3791	4882
3628	4873
3558	4866
3614	4893
3639	4883
3653	4834
3240	4848
3182	4849
2777	4823
3038	4830
3028	4790
3216	4737
3142	4810
3361	4786
3287	4788
3269	4800
3173	4834
3412	4824
3328	4794
3378	4845
3339	4818
3383	4808
3333	4817
3261	4804
3452	4839
3397	4807
3431	4828
3389	4833
3421	4844
3182	4818
2678	4829
2767	4809
3577	4860
3488	4838
3569	4874
3779	4888
3728	4842
3774	4849
3767	4865
3705	4863
3821	4854
3859	4877
3674	4866
3634	4859
3640	4856
3654	4871
3561	4863
3546	4864
3567	4835
3468	4867
3367	4879
3348	4863
3213	4851
2560	4850
2690	4868
2701	4865
2770	4831
2825	4833
2802	4813
2792	4865
2901	4851
2717	4846
2678	4826
2501	4806
2652	4849
2687	4844
3135	4822
2767	4836
2652	4834
2746	4851
2704	4813
2600	4784
3176	4782
2627	4758
3282	4794
2717	4782
3202	4735
2835	4724
3309	4700
3311	4702
3352	4724
3354	4719
3283	4715
3271	4717
3276	4684
2679	4641
2913	4576
2763	4703
2610	4757
2897	4687
2802	4693
2961	4688
3235	4714
3307	4694
3324	4706
3333	4713
3387	4648
2896	4662
3684	4697
3621	4685
3685	4635
3653	4640
3667	4637
3681	4681
3749	4680
3870	4722
3702	4684
3727	4711
3712	4709
3634	4776
3609	4715
3769	4789
3782	4798
3829	4788
3815	4781
3844	4788
3881	4796
3757	4761
3728	4742
3754	4746
3778	4741
3830	4729
3784	4759
3678	4755
3492	4776
3653	4762
3662	4805
3809	4787
3713	4767
3512	4780
3457	4772
3386	4736
3384	4738
3251	4739
3352	4758
3332	4694
3563	4705
3402	4745
3441	4702
3569	4787
3272	4760
3310	4693
3313	4721
3235	4657
3389	4707
3461	4710
3473	4718
3573	4726
3564	4707
3601	4753
3468	4770
3446	4700
3559	4700
3635	4659
3615	4665
3565	4592
3674	4702
3580	4703
3667	4708
3550	4721
3461	4704
3477	4737
3498	4760
3521	4756
3529	4757
3302	4758
3427	4764
3476	4756
3361	4753
3347	4703
3339	4682
3276	4634
3364	4728
3281	4754
3309	4727
3439	4744
3352	4783
3366	4776
3456	4809
3480	4794
3467	4803
3508	4836
3593	4839
3517	4841
3594	4852
3542	4876
3567	4842
3648	4850
3538	4859
3680	4856
3770	4861
3566	4864
3782	4885
3520	4869
3521	4877
3699	4906
3499	4847
3538	4849
3873	4817
3600	4822
3674	4819
3622	4802
3801	4809
3771	4839
3514	4846
3477	4841
3385	4855
3456	4858
3375	4828
3445	4836
3434	4811
3415	4784
3412	4790
3418	4754
3412	4728
3257	4725
3259	4691
3131	4683
3085	4606
3109	4649
3029	4640
3012	4656
3004	4649
2888	4606
2971	4629
2990	4638
2925	4635
2946	4657
2932	4666
2899	4680
2956	4678
2853	4655
2927	4636
2859	4639
2860	4654
2848	4638
2784	4626
2851	4657
2804	4626
2932	4657
2902	4644
2989	4678
2824	4611
2867	4685
3014	4637
2988	4622
2959	4565
2990	4626
2977	4593
2954	4554
3051	4572
2957	4543
3025	4584
3153	4663
3150	4661
3224	4690
3214	4669
3259	4673
3219	4703
3300	4695
3301	4687
3266	4676
3203	4628
3220	4651
3274	4669
3210	4601
3194	4602
3199	4604
3224	4590
3279	4592
3251	4615
3236	4562
3210	4605
3075	4599
3112	4610
3091	4625
3054	4548
3032	4557
3017	4557
3003	4584
2998	4557
2913	4519
2923	4523
2866	4524
2908	4528
2822	4538
2829	4540
2807	4532
2872	4563
2776	4593
2919	4589
2860	4588
2928	4587
2916	4580
2851	4636
2858	4654
2909	4664
2863	4640
2833	4688
2879	4718
2761	4706
2830	4728
2866	4712
2868	4749
2885	4745
2992	4775
2901	4767
2913	4762
2903	4792
2910	4789
2925	4795
2947	4817
3010	4792
3000	4802
3059	4809
2978	4828
2954	4838
3003	4828
3011	4832
3009	4854
3040	4851
3104	4871
3115	4859
3125	4840
3096	4866
3111	4856
3136	4859
3120	4877
3128	4852
3088	4845
3079	4864
2980	4855
3034	4809
3083	4856
3120	4851
3047	4845
3055	4823
3043	4809
3066	4788
3069	4806
3031	4780
3011	4785
3060	4770
3056	4762
3063	4775
3059	4749
3066	4772
3053	4738
3103	4742
3087	4742
3049	4745
3097	4754
3027	4763
2994	4751
3102	4784
3127	4792
3172	4791
3253	4808
3312	4796
3262	4815
3412	4796
3433	4804
3429	4808
3496	4821
3307	4832
3384	4821
3431	4849
3470	4826
3464	4838
3393	4847
3441	4839
3326	4837
3375	4851
3314	4847
3357	4847
3287	4838
3315	4841
3324	4878
3323	4852
3419	4882
3404	4867
3348	4853
3414	4878
3426	4856
3393	4867
3451	4856
3479	4865
3781	4836
3857	4876
3538	4853
3594	4882
3489	4865
3487	4850
3511	4850
3504	4856
3437	4853
3503	4873
3577	4861
3557	4873
3694	4877
3535	4863
3739	4876
3843	4845
3575	4867
3681	4875
3609	4850
3629	4851
3727	4849
3758	4862
3744	4864
3689	4846
3897	4862
3700	4849
3709	4849
3671	4836
3662	4853
3666	4859
3526	4839
3461	4834
3556	4838
3512	4847
3479	4864
3551	4869
3561	4860
3584	4871
3831	4869
3536	4855
3654	4845
3572	4849
3564	4847
3440	4828
3494	4852
3590	4850
3532	4843
3505	4867
3519	4871
3579	4854
3598	4851
3625	4844
3605	4816
3632	4844
3721	4823
3616	4781
3613	4794
3660	4811
3671	4824
3647	4823
3632	4823
3640	4816
3691	4822
3620	4813
3654	4817
3547	4817
3632	4818
3609	4812
3612	4824
3598	4795
3562	4787
3532	4824
3561	4805
3590	4814
3517	4816
3562	4839
3492	4829
3414	4814
3455	4813
3419	4826
3453	4825
3476	4800
3539	4797
3473	4819
3509	4813
3499	4779
3536	4809
3502	4798
3523	4801
3526	4815
3478	4823
3461	4806
3460	4828
3488	4844
3475	4842
3558	4827
3508	4839
3481	4850
3546	4869
3615	4869
3622	4860
3607	4848
3551	4850
3690	4841
3609	4846
3636	4851
3596	4841
3567	4857
3609	4864
3680	4850
3640	4841
3595	4848
3566	4867
3596	4852
3673	4860
3637	4843
3596	4848
3599	4851
3588	4850
3573	4850
3561	4853
3573	4860
3567	4849
3524	4852
3568	4856
3587	4836
3554	4860
3564	4863
3544	4871
3505	4881
3572	4895
3544	4882
3617	4866
3595	4873
3479	4862
3436	4868
3435	4875
3439	4880
3517	4893
3476	4887
3313	4893
3323	4882
3160	4877
3189	4855
3238	4892
3103	4908
3088	4865
3023	4867
3151	4888
3106	4921
3086	4934
3084	4931
3069	4939
3082	4935
3138	4940
3105	4950
3330	4936
3252	4940
3292	4947
3255	4952
3286	4951
3284	4957
3289	4959
3246	4934
3324	4951
3250	4933
3346	4947
3355	4949
3433	4964
3359	4953
3382	4950
3404	4954
3500	4955
3516	4949
3464	4958
3451	4958
3475	4936
3421	4932
3348	4953
3440	4963
3374	4950
3393	4944
3367	4960
3432	4963
3434	4959
3400	4937
3487	4961
3435	4970
3445	4953
3460	4965
3494	4948
3471	4942
3433	4939
3464	4964
3430	4950
3433	4941
3413	4942
3349	4940
3384	4948
3367	4945
3309	4930
3251	4929
3265	4924
3246	4943
3312	4938
3389	4954
3414	4954
3448	4938
3425	4939
3491	4951
3499	4949
3452	4938
3596	4918
3593	4925
3647	4902
3651	4911
3743	4927
3654	4917
3652	4901
3587	4905
3613	4899
3619	4916
3623	4901
3692	4897
3684	4902
3710	4885
3742	4901
3700	4891
3639	4920
3670	4906
3659	4935
3718	4906
3688	4924
3694	4907
3622	4917
3661	4896
3604	4903
3644	4891
3627	4899
3657	4901
3559	4925
3616	4892
3569	4905
3616	4911
3634	4901
3628	4918
3706	4914
3736	4927
3696	4922
3690	4927
3774	4919
3674	4912
3686	4901
3787	4914
3763	4922
3802	4921
3721	4889
3688	4911
3674	4740
3184	4759
3136	4768
3203	4793
3127	4762
3122	4779
3193	4809
3201	4832
3248	4826
3224	4795
3249	4822
3288	4839
3370	4865
3372	4864
3289	4860
3298	4855
3312	4858
3299	4871
3350	4869
3290	4866
3384	4859
3325	4891
3346	4893
3324	4887
3320	4889
3347	4874
3308	4880
3314	4902
3350	4890
3385	4896
3347	4879
3319	4917
3416	4886
3423	4899
3473	4886
3466	4899
3310	4895
3292	4896
3347	4883
3377	4883
3322	4904
3353	4909
3585	4897
3597	4886
3611	4899
3383	4923
3417	4911
3558	4910
3508	4903
3317	4902
3356	4907
3351	4904
3370	4901
3581	4898
3339	4885
3301	4881
3254	4873
3375	4872
3274	4872
3369	4884
3376	4894
3401	4887
3379	4877
3394	4906
3337	4902
3405	4898
3337	4896
3368	4887
3311	4895
3402	4891
3361	4883
3408	4883
3342	4887
3390	4891
3430	4868
3418	4890
3423	4881
3387	4870
3409	4893
3378	4887
3438	4878
3397	4874
3379	4853
3393	4867
3335	4866
3402	4876
3418	4884
3451	4886
3438	4896
3447	4901
3408	4882
3417	4902
3429	4888
3361	4899
3418	4896
3389	4881
3434	4882
3431	4891
3371	4886
3365	4882
3428	4892
3454	4875
3379	4876
3434	4883
3403	4875
3369	4889
3388	4887
3400	4873
3378	4874
3409	4889
3418	4882
3332	4888
3436	4870
3428	4883
3415	4871
3402	4891
3398	4888
3419	4893
3411	4894
3389	4893
3351	4881
3401	4904
3426	4888
3424	4886
3351	4914
3366	4900
3419	4908
