0 0
0 0
0 0
0 0
0 0
0 0
0 0
0 0
0 0
0 0
0 0
0 0
0 0
0 0
0 0
0 0
0 0
0 0
0 0
0 0
0 0
0 0
0 0
0 0
0 0
0 0
0 0
0 0
0 0
0 0
0 0
0 0
0 0
0 0
0 0
0 0
0 0
0 0
0 0
0 0
0 0
0 0
0 0
0 0
0 0
0 0
0 0
0 0
0 0
0 0
0 0
0 0
0 0
0 0
0 0
0 0
0 0
0 0
0 0
0 0
0 0
0 0
0 0
0 0
0 0
0 0
0 0
0 0
0 0
0 0
0 0
0 0
0 0
0 0
0 0
0 0
0 0
0 0
0 0
0 0
0 0
0 0
0 0
0 0
0 0
0 0
0 0
0 0
0 0
0 0
0 0
0 0
0 0
2 150
2 566
3 602
4 618
4 585
4 554
4 572
4 572
4 572
5 653
5 653
5 666
6 759
6 766
6 758
6 758
7 835
6 782
6 782
7 911
7 911
7 911
8 943
7 890
7 890
8 883
8 883
9 866
8 811
9 856
9 854
10 890
9 839
10 844
9 797
10 842
10 842
11 889
10 861
11 877
11 876
11 852
11 852
12 849
13 858
13 858
13 837
13 837
13 825
13 818
13 828
14 830
14 830
14 822
14 846
15 858
15 871
15 871
16 919
16 934
17 936
18 942
18 942
18 942
19 1041
20 1053
20 1042
20 1026
20 1026
20 1056
20 1056
20 1119
20 1119
20 1125
20 1125
20 1198
20 1215
20 1213
20 1245
20 1230
20 1230
20 1267
21 1290
21 1290
21 1256
21 1256
22 1318
22 1329
23 1348
22 1301
23 1315
23 1315
23 1325
24 1360
24 1361
24 1361
24 1346
24 1346
25 1406
26 1459
26 1459
26 1439
26 1439
26 1439
26 1439
26 1439
26 1398
26 1398
26 1398
26 1398
25 1376
25 1376
25 1376
25 1376
26 1398
26 1398
26 1398
27 1408
27 1408
27 1408
27 1405
27 1405
27 1389
28 1499
28 1499
28 1499
28 1499
28 1499
28 1499
28 1499
29 1561
27 1532
27 1532
27 1532
28 1702
28 1701
28 1701
28 1701
28 1701
28 1701
28 1701
29 1724
29 1724
30 1836
28 1809
28 1801
29 1795
29 1795
30 1912
30 1911
31 1911
31 1911
32 1951
31 1922
32 1976
31 1953
32 1972
31 1944
32 2000
32 1999
33 2040
32 2002
33 1997
32 1970
33 1987
32 1957
33 1950
32 1921
33 2137
32 2100
32 2100
33 2144
33 2143
34 2206
33 2174
34 2173
33 2137
34 2250
34 2247
35 2242
33 2164
34 2236
33 2181
34 2199
34 2193
35 2191
33 2119
34 2157
34 2156
34 2128
34 2128
35 2133
35 2131
36 2184
35 2145
35 2145
36 2175
36 2174
37 2192
36 2156
37 2159
37 2158
36 2114
37 2154
38 2182
38 2167
38 2167
39 2191
38 2174
38 2167
38 2167
38 2167
39 2200
38 2173
38 2166
38 2168
38 2168
38 2168
39 2204
39 2204
39 2204
40 2213
41 2216
39 2183
40 2209
41 2213
41 2213
41 2207
40 2191
41 2198
41 2182
41 2178
42 2187
42 2187
42 2187
42 2187
42 2187
42 2187
42 2187
42 2187
42 2187
42 2187
42 2187
42 2187
42 2187
42 2187
42 2187
42 2187
42 2187
42 2187
42 2187
42 2187
42 2187
42 2187
42 2187
42 2187
42 2187
42 2187
42 2187
42 2187
42 2187
42 2187
42 2187
42 2187
42 2187
42 2187
42 2187
42 2187
42 2187
42 2187
42 2187
42 2187
42 2187
42 2187
42 2187
42 2187
42 2187
42 2187
42 2187
42 2187
42 2187
42 2187
42 2187
42 2187
42 2187
42 2187
42 2187
42 2187
42 2187
42 2187
42 2187
42 2187
42 2187
42 2187
42 2187
42 2187
42 2187
42 2187
42 2187
42 2187
42 2187
42 2187
42 2187
42 2187
42 2187
42 2187
42 2187
42 2187
42 2187
42 2187
42 2187
42 2187
42 2187
42 2187
42 2187
42 2187
42 2187
42 2187
42 2187
42 2187
42 2187
42 2187
42 2187
42 2187
42 2187
42 2187
42 2187
42 2187
42 2187
42 2187
42 2187
42 2187
42 2187
42 2187
42 2187
42 2187
42 2187
42 2187
42 2187
42 2187
42 2187
42 2187
42 2187
42 2187
42 2187
42 2187
42 2187
42 2187
42 2187
42 2187
