0 0
0 0
0 0
0 0
0 0
0 0
0 0
0 0
0 0
0 0
0 0
0 0
0 0
0 0
0 0
0 0
0 0
0 0
0 0
0 0
0 0
0 0
0 0
2 468
2 1518
2 1518
2 1518
3 1610
3 1878
3 1878
3 1878
3 1878
3 1878
3 1878
3 1878
3 1878
4 2060
4 2252
4 2252
4 2247
5 2365
5 2519
5 2519
5 2519
5 2517
6 2358
6 2917
6 2750
6 2750
6 2750
6 2750
6 2745
7 2651
7 2930
7 2822
7 2822
7 2822
7 2822
7 2822
7 2812
8 2696
8 3104
8 2913
8 2858
8 2858
8 2858
8 2858
7 2717
8 2570
8 2987
8 2969
8 2853
8 2814
8 2814
8 2814
8 2814
7 2659
8 2396
8 2737
8 2762
8 2658
8 2644
8 2644
8 2644
8 2643
8 2636
9 2431
9 3057
9 3101
9 2987
9 2976
9 2976
9 2976
9 2976
9 2968
10 2762
10 3595
10 3559
10 3514
10 3511
10 3483
10 3483
10 3483
10 3483
10 3473
11 3165
11 3539
11 3574
11 3502
11 3493
11 3481
11 3481
11 3481
11 3479
10 3379
10 3379
11 3003
11 3225
11 3304
11 3248
11 3243
11 3234
11 3234
11 3234
11 3234
11 3216
11 3216
12 2981
12 3306
12 3335
12 3300
12 3290
12 3289
12 3289
12 3289
12 3289
12 3284
12 3284
13 3170
13 3360
13 3333
13 3327
13 3314
13 3314
13 3314
13 3312
14 3208
14 3598
14 3612
14 3647
14 3590
14 3588
14 3575
14 3575
14 3575
14 3575
14 3574
14 3571
14 3571
15 3588
15 3622
15 3647
15 3621
15 3621
15 3604
15 3604
15 3604
15 3603
15 3596
15 3596
16 3421
16 3830
16 3861
16 3882
16 3780
16 3779
16 3778
16 3773
16 3773
16 3773
16 3773
16 3769
16 3769
17 3882
17 4279
17 4297
17 4150
17 4138
17 4136
17 4136
17 4126
17 4126
17 4126
17 4126
17 4126
17 4121
17 4121
17 4121
17 4121
17 4121
17 4121
17 4121
17 4121
17 4121
17 4121
17 4121
17 4121
18 4043
18 4210
18 4238
18 4099
18 4098
18 4098
18 4081
18 4081
18 4081
18 4081
18 4080
18 4080
18 4080
19 4209
19 4414
19 4440
19 4268
19 4252
19 4251
19 4229
19 4229
19 4229
19 4229
19 4229
19 4227
19 4227
19 4227
19 4227
19 4227
19 4227
20 4249
20 4413
20 4442
20 4313
20 4305
20 4304
20 4279
20 4279
20 4279
20 4279
20 4279
20 4278
21 4161
21 4483
21 4570
21 4587
21 4350
21 4348
21 4347
21 4331
21 4331
21 4331
21 4331
21 4331
21 4331
21 4331
21 4331
21 4331
21 4331
21 4331
22 4220
22 4465
22 4550
22 4410
22 4370
22 4368
22 4368
22 4351
22 4351
22 4351
22 4351
22 4351
22 4351
20 4228
20 4228
21 4167
21 4487
21 4520
21 4362
21 4333
21 4330
21 4329
21 4314
21 4314
21 4314
21 4314
21 4314
21 4314
20 4251
21 4271
21 4434
21 4339
21 4270
21 4265
21 4265
21 4247
21 4247
21 4247
21 4247
21 4247
19 4115
19 4115
20 4148
20 4307
20 4337
20 4157
20 4151
20 4150
20 4150
20 4141
20 4141
20 4141
20 4141
20 4141
20 4140
19 4068
19 4068
20 4008
20 4185
20 4249
20 4257
20 4119
20 4101
20 4101
20 4100
20 4083
20 4083
20 4083
20 4083
20 4083
20 4082
19 4024
19 4024
20 4118
20 4261
20 4276
20 4122
20 4098
20 4097
20 4097
20 4087
20 4087
20 4087
20 4087
20 4087
19 4010
19 4010
20 4037
20 4142
20 4104
20 4064
20 4063
20 4062
20 4034
20 4034
20 4034
20 4034
20 4034
19 3977
19 3977
20 3916
20 4107
20 4150
20 4177
20 4062
20 4059
20 4059
20 4042
20 4042
20 4042
20 4042
20 4042
20 4042
19 4002
19 4002
20 4070
20 4238
20 4277
20 4206
20 4162
20 4160
20 4160
20 4150
20 4150
20 4150
20 4150
20 4150
19 4093
19 4093
20 4091
20 4249
20 4279
20 4293
20 4160
20 4145
20 4144
20 4144
20 4124
20 4124
20 4124
20 4124
20 4124
20 4124
20 4124
20 4123
19 4070
20 4028
20 4106
20 4131
20 4149
20 4111
20 4105
20 4093
20 4093
20 4093
20 4093
20 4093
20 4093
20 4093
20 4093
20 4089
19 4035
20 3957
20 4020
20 4041
20 4052
20 4034
20 4023
20 4023
20 4014
20 4014
20 4014
20 4014
20 4014
20 4014
20 4011
